132 654 894 684 841
132 654 894 684 841
132 654 894 684 841
132 654 894 684 841
132 654 894 684 841
132 654 894 684 841
132 654 894 684 841
132 654 894 684 841
132 654 894 684 841
v
132 654 894 684 841
132 654 894 684 841
132 654 894 684 841
v
v132 654 894 684 841v
vv132 654 894 684 841
v
v
vv132 654 894 684 841132 654 894 684 841132 654 894 684 841132 654 894 684 841
v
v
v
v
vv
v132 654 894 684 841132 654 894 684 841
vv132 654 894 684 841
v132 654 894 684 841v
v
v
vvv
vvv
vvvv132 654 894 684 841132 654 894 684 841132 654 894 684 841132 654 894 684 841132 654 894 684 841132 654 894 684 841132 654 894 684 841132 654 894 684 841132 654 894 684 841
132 654 894 684 841132 654 894 684 841v132 654 894 684 841132 654 894 684 841v132 654 894 684 841132 654 894 684 841
132 654 894 684 841132 654 894 684 841132 654 894 684 841132 654 894 684 841132 654 894 684 841
132 654 894 684 841
132 654 894 684 841
132 654 894 684 841
132 654 894 684 841
132 654 894 684 841
132 654 894 684 841
132 654 894 684 841
132 654 894 684 841
132 654 894 684 841
v
132 654 894 684 841
132 654 894 684 841
132 654 894 684 841
v
v132 654 894 684 841v
vv132 654 894 684 841
v
v
vv132 654 894 684 841132 654 894 684 841132 654 894 684 841132 654 894 684 841
v
v
v
v
vv
v132 654 894 684 841132 654 894 684 841
vv132 654 894 684 841
v132 654 894 684 841v
v
v
vvv
vvv
vvvv132 654 894 684 841132 654 894 684 841132 654 894 684 841132 654 894 684 841132 654 894 684 841132 654 894 684 841132 654 894 684 841132 654 894 684 841132 654 894 684 841
132 654 894 684 841132 654 894 684 841v132 654 894 684 841132 654 894 684 841v132 654 894 684 841132 654 894 684 841
132 654 894 684 841132 654 894 684 841132 654 894 684 841132 654 894 684 841132 654 894 684 841
132 654 894 684 841
132 654 894 684 841
132 654 894 684 841
132 654 894 684 841
132 654 894 684 841
132 654 894 684 841
132 654 894 684 841
132 654 894 684 841
132 654 894 684 841
v
132 654 894 684 841
132 654 894 684 841
132 654 894 684 841
v
v132 654 894 684 841v
vv132 654 894 684 841
v
v
vv132 654 894 684 841132 654 894 684 841132 654 894 684 841132 654 894 684 841
v
v
v
v
vv
v132 654 894 684 841132 654 894 684 841
vv132 654 894 684 841
v132 654 894 684 841v
v
v
vvv
vvv
vvvv132 654 894 684 841132 654 894 684 841132 654 894 684 841132 654 894 684 841132 654 894 684 841132 654 894 684 841132 654 894 684 841132 654 894 684 841132 654 894 684 841
132 654 894 684 841132 654 894 684 841v132 654 894 684 841132 654 894 684 841v132 654 894 684 841132 654 894 684 841
132 654 894 684 841132 654 894 684 841132 654 894 684 841132 654 894 684 841132 654 894 684 841
132 654 894 684 841
132 654 894 684 841
132 654 894 684 841
132 654 894 684 841
132 654 894 684 841
132 654 894 684 841
132 654 894 684 841
132 654 894 684 841
132 654 894 684 841
v
132 654 894 684 841
132 654 894 684 841
132 654 894 684 841
v
v132 654 894 684 841v
vv132 654 894 684 841
v
v
vv132 654 894 684 841132 654 894 684 841132 654 894 684 841132 654 894 684 841
v
v
v
v
vv
v132 654 894 684 841132 654 894 684 841
vv132 654 894 684 841
v132 654 894 684 841v
v
v
vvv
vvv
vvvv132 654 894 684 841132 654 894 684 841132 654 894 684 841132 654 894 684 841132 654 894 684 841132 654 894 684 841132 654 894 684 841132 654 894 684 841132 654 894 684 841
132 654 894 684 841132 654 894 684 841v132 654 894 684 841132 654 894 684 841v132 654 894 684 841132 654 894 684 841
132 654 894 684 841132 654 894 684 841132 654 894 684 841132 654 894 684 841132 654 894 684 841
132 654 894 684 841
132 654 894 684 841
132 654 894 684 841
132 654 894 684 841
132 654 894 684 841
132 654 894 684 841
132 654 894 684 841
132 654 894 684 841
132 654 894 684 841
v
132 654 894 684 841
132 654 894 684 841
132 654 894 684 841
v
v132 654 894 684 841v
vv132 654 894 684 841
v
v
vv132 654 894 684 841132 654 894 684 841132 654 894 684 841132 654 894 684 841
v
v
v
v
vv
v132 654 894 684 841132 654 894 684 841
vv132 654 894 684 841
v132 654 894 684 841v
v
v
vvv
vvv
vvvv132 654 894 684 841132 654 894 684 841132 654 894 684 841132 654 894 684 841132 654 894 684 841132 654 894 684 841132 654 894 684 841132 654 894 684 841132 654 894 684 841
132 654 894 684 841132 654 894 684 841v132 654 894 684 841132 654 894 684 841v132 654 894 684 841132 654 894 684 841
132 654 894 684 841132 654 894 684 841132 654 894 684 841132 654 894 684 841132 654 894 684 841
132 654 894 684 841
132 654 894 684 841
132 654 894 684 841
132 654 894 684 841
132 654 894 684 841
132 654 894 684 841
132 654 894 684 841
132 654 894 684 841
132 654 894 684 841
v
132 654 894 684 841
132 654 894 684 841
132 654 894 684 841
v
v132 654 894 684 841v
vv132 654 894 684 841
v
v
vv132 654 894 684 841132 654 894 684 841132 654 894 684 841132 654 894 684 841
v
v
v
v
vv
v132 654 894 684 841132 654 894 684 841
vv132 654 894 684 841
v132 654 894 684 841v
v
v
vvv
vvv
vvvv132 654 894 684 841132 654 894 684 841132 654 894 684 841132 654 894 684 841132 654 894 684 841132 654 894 684 841132 654 894 684 841132 654 894 684 841132 654 894 684 841
132 654 894 684 841132 654 894 684 841v132 654 894 684 841132 654 894 684 841v132 654 894 684 841132 654 894 684 841
132 654 894 684 841132 654 894 684 841132 654 894 684 841132 654 894 684 841132 654 894 684 841
132 654 894 684 841
132 654 894 684 841
132 654 894 684 841
132 654 894 684 841
132 654 894 684 841
132 654 894 684 841
132 654 894 684 841
132 654 894 684 841
132 654 894 684 841
v
132 654 894 684 841
132 654 894 684 841
132 654 894 684 841
v
v132 654 894 684 841v
vv132 654 894 684 841
v
v
vv132 654 894 684 841132 654 894 684 841132 654 894 684 841132 654 894 684 841
v
v
v
v
vv
v132 654 894 684 841132 654 894 684 841
vv132 654 894 684 841
v132 654 894 684 841v
v
v
vvv
vvv
vvvv132 654 894 684 841132 654 894 684 841132 654 894 684 841132 654 894 684 841132 654 894 684 841132 654 894 684 841132 654 894 684 841132 654 894 684 841132 654 894 684 841
132 654 894 684 841132 654 894 684 841v132 654 894 684 841132 654 894 684 841v132 654 894 684 841132 654 894 684 841
132 654 894 684 841132 654 894 684 841132 654 894 684 841132 654 894 684 841132 654 894 684 841
132 654 894 684 841
132 654 894 684 841
132 654 894 684 841
132 654 894 684 841
132 654 894 684 841
132 654 894 684 841
132 654 894 684 841
132 654 894 684 841
132 654 894 684 841
v
132 654 894 684 841
132 654 894 684 841
132 654 894 684 841
v
v132 654 894 684 841v
vv132 654 894 684 841
v
v
vv132 654 894 684 841132 654 894 684 841132 654 894 684 841132 654 894 684 841
v
v
v
v
vv
v132 654 894 684 841132 654 894 684 841
vv132 654 894 684 841
v132 654 894 684 841v
v
v
vvv
vvv
vvvv132 654 894 684 841132 654 894 684 841132 654 894 684 841132 654 894 684 841132 654 894 684 841132 654 894 684 841132 654 894 684 841132 654 894 684 841132 654 894 684 841
132 654 894 684 841132 654 894 684 841v132 654 894 684 841132 654 894 684 841v132 654 894 684 841132 654 894 684 841
132 654 894 684 841132 654 894 684 841132 654 894 684 841132 654 894 684 841132 654 894 684 841
132 654 894 684 841
132 654 894 684 841
132 654 894 684 841
132 654 894 684 841
132 654 894 684 841
132 654 894 684 841
132 654 894 684 841
132 654 894 684 841
132 654 894 684 841
v
132 654 894 684 841
132 654 894 684 841
132 654 894 684 841
v
v132 654 894 684 841v
vv132 654 894 684 841
v
v
vv132 654 894 684 841132 654 894 684 841132 654 894 684 841132 654 894 684 841
v
v
v
v
vv
v132 654 894 684 841132 654 894 684 841
vv132 654 894 684 841
v132 654 894 684 841v
v
v
vvv
vvv
vvvv132 654 894 684 841132 654 894 684 841132 654 894 684 841132 654 894 684 841132 654 894 684 841132 654 894 684 841132 654 894 684 841132 654 894 684 841132 654 894 684 841
132 654 894 684 841132 654 894 684 841v132 654 894 684 841132 654 894 684 841v132 654 894 684 841132 654 894 684 841
132 654 894 684 841132 654 894 684 841132 654 894 684 841132 654 894 684 841132 654 894 684 841
132 654 894 684 841
132 654 894 684 841
132 654 894 684 841
132 654 894 684 841
132 654 894 684 841
132 654 894 684 841
132 654 894 684 841
132 654 894 684 841
132 654 894 684 841
v
132 654 894 684 841
132 654 894 684 841
132 654 894 684 841
v
v132 654 894 684 841v
vv132 654 894 684 841
v
v
vv132 654 894 684 841132 654 894 684 841132 654 894 684 841132 654 894 684 841
v
v
v
v
vv
v132 654 894 684 841132 654 894 684 841
vv132 654 894 684 841
v132 654 894 684 841v
v
v
vvv
vvv
vvvv132 654 894 684 841132 654 894 684 841132 654 894 684 841132 654 894 684 841132 654 894 684 841132 654 894 684 841132 654 894 684 841132 654 894 684 841132 654 894 684 841
132 654 894 684 841132 654 894 684 841v132 654 894 684 841132 654 894 684 841v132 654 894 684 841132 654 894 684 841
132 654 894 684 841132 654 894 684 841132 654 894 684 841132 654 894 684 841132 654 894 684 841
132 654 894 684 841
132 654 894 684 841
132 654 894 684 841
132 654 894 684 841
132 654 894 684 841
132 654 894 684 841
132 654 894 684 841
132 654 894 684 841
132 654 894 684 841
v
132 654 894 684 841
132 654 894 684 841
132 654 894 684 841
v
v132 654 894 684 841v
vv132 654 894 684 841
v
v
vv132 654 894 684 841132 654 894 684 841132 654 894 684 841132 654 894 684 841
v
v
v
v
vv
v132 654 894 684 841132 654 894 684 841
vv132 654 894 684 841
v132 654 894 684 841v
v
v
vvv
vvv
vvvv132 654 894 684 841132 654 894 684 841132 654 894 684 841132 654 894 684 841132 654 894 684 841132 654 894 684 841132 654 894 684 841132 654 894 684 841132 654 894 684 841
132 654 894 684 841132 654 894 684 841v132 654 894 684 841132 654 894 684 841v132 654 894 684 841132 654 894 684 841
132 654 894 684 841132 654 894 684 841132 654 894 684 841132 654 894 684 841132 654 894 684 841
132 654 894 684 841
132 654 894 684 841
132 654 894 684 841
132 654 894 684 841
132 654 894 684 841
132 654 894 684 841
132 654 894 684 841
132 654 894 684 841
132 654 894 684 841
v
132 654 894 684 841
132 654 894 684 841
132 654 894 684 841
v
v132 654 894 684 841v
vv132 654 894 684 841
v
v
vv132 654 894 684 841132 654 894 684 841132 654 894 684 841132 654 894 684 841
v
v
v
v
vv
v132 654 894 684 841132 654 894 684 841
vv132 654 894 684 841
v132 654 894 684 841v
v
v
vvv
vvv
vvvv132 654 894 684 841132 654 894 684 841132 654 894 684 841132 654 894 684 841132 654 894 684 841132 654 894 684 841132 654 894 684 841132 654 894 684 841132 654 894 684 841
132 654 894 684 841132 654 894 684 841v132 654 894 684 841132 654 894 684 841v132 654 894 684 841132 654 894 684 841
132 654 894 684 841132 654 894 684 841132 654 894 684 841132 654 894 684 841132 654 894 684 841
132 654 894 684 841
132 654 894 684 841
132 654 894 684 841
132 654 894 684 841
132 654 894 684 841
132 654 894 684 841
132 654 894 684 841
132 654 894 684 841
132 654 894 684 841
v
132 654 894 684 841
132 654 894 684 841
132 654 894 684 841
v
v132 654 894 684 841v
vv132 654 894 684 841
v
v
vv132 654 894 684 841132 654 894 684 841132 654 894 684 841132 654 894 684 841
v
v
v
v
vv
v132 654 894 684 841132 654 894 684 841
vv132 654 894 684 841
v132 654 894 684 841v
v
v
vvv
vvv
vvvv132 654 894 684 841132 654 894 684 841132 654 894 684 841132 654 894 684 841132 654 894 684 841132 654 894 684 841132 654 894 684 841132 654 894 684 841132 654 894 684 841
132 654 894 684 841132 654 894 684 841v132 654 894 684 841132 654 894 684 841v132 654 894 684 841132 654 894 684 841
132 654 894 684 841132 654 894 684 841132 654 894 684 841132 654 894 684 841132 654 894 684 841
132 654 894 684 841
132 654 894 684 841
132 654 894 684 841
132 654 894 684 841
132 654 894 684 841
132 654 894 684 841
132 654 894 684 841
132 654 894 684 841
132 654 894 684 841
v
132 654 894 684 841
132 654 894 684 841
132 654 894 684 841
v
v132 654 894 684 841v
vv132 654 894 684 841
v
v
vv132 654 894 684 841132 654 894 684 841132 654 894 684 841132 654 894 684 841
v
v
v
v
vv
v132 654 894 684 841132 654 894 684 841
vv132 654 894 684 841
v132 654 894 684 841v
v
v
vvv
vvv
vvvv132 654 894 684 841132 654 894 684 841132 654 894 684 841132 654 894 684 841132 654 894 684 841132 654 894 684 841132 654 894 684 841132 654 894 684 841132 654 894 684 841
132 654 894 684 841132 654 894 684 841v132 654 894 684 841132 654 894 684 841v132 654 894 684 841132 654 894 684 841
132 654 894 684 841132 654 894 684 841132 654 894 684 841132 654 894 684 841132 654 894 684 841
132 654 894 684 841
132 654 894 684 841
132 654 894 684 841
132 654 894 684 841
132 654 894 684 841
132 654 894 684 841
132 654 894 684 841
132 654 894 684 841
132 654 894 684 841
v
132 654 894 684 841
132 654 894 684 841
132 654 894 684 841
v
v132 654 894 684 841v
vv132 654 894 684 841
v
v
vv132 654 894 684 841132 654 894 684 841132 654 894 684 841132 654 894 684 841
v
v
v
v
vv
v132 654 894 684 841132 654 894 684 841
vv132 654 894 684 841
v132 654 894 684 841v
v
v
vvv
vvv
vvvv132 654 894 684 841132 654 894 684 841132 654 894 684 841132 654 894 684 841132 654 894 684 841132 654 894 684 841132 654 894 684 841132 654 894 684 841132 654 894 684 841
132 654 894 684 841132 654 894 684 841v132 654 894 684 841132 654 894 684 841v132 654 894 684 841132 654 894 684 841
132 654 894 684 841132 654 894 684 841132 654 894 684 841132 654 894 684 841132 654 894 684 841














